 10 
 23 
 30 
 30 
 30 
 60 
 60 
 60 
 60 
 60 
 75 
 75 
 75 
 123 
 12 
 19 
 31 
 31 
 31 
 66 
 66 
 66 
 66 
 66 
 96 
 96 
 96 
 124 
 9 
 20 
 31 
 31 
 31 
 63 
 63 
 63 
 63 
 63 
 93 
 93 
 93 
 92 
 11 
 20 
 33 
 33 
 33 
 64 
 64 
 64 
 64 
 64 
 98 
 98 
 98 
 128 
 8 
 20 
 36 
 36 
 36 
 65 
 65 
 65 
 65 
 65 
 94 
 94 
 94 
 114 
 9 
 19 
 31 
 31 
 31 
 63 
 63 
 63 
 63 
 63 
 88 
 88 
 88 
 103 
 16 
 22 
 30 
 30 
 30 
 46 
 46 
 46 
 46 
 46 
 70 
 70 
 70 
 113 
 12 
 26 
 37 
 37 
 37 
 63 
 63 
 63 
 63 
 63 
 90 
 90 
 90 
 111 
 6 
 15 
 24 
 24 
 24 
 46 
 46 
 46 
 46 
 46 
 71 
 71 
 71 
 109 
 13 
 28 
 41 
 41 
 41 
 84 
 84 
 84 
 84 
 84 
 115 
 115 
 115 
 144 
 9 
 19 
 25 
 25 
 25 
 53 
 53 
 53 
 53 
 53 
 91 
 91 
 91 
 114 
 14 
 22 
 34 
 34 
 34 
 64 
 64 
 64 
 64 
 64 
 108 
 108 
 108 
 112 
 9 
 22 
 32 
 32 
 32 
 61 
 61 
 61 
 61 
 61 
 91 
 91 
 91 
 138 
 6 
 19 
 31 
 31 
 31 
 55 
 55 
 55 
 55 
 55 
 83 
 83 
 83 
 117 
 9 
 17 
 21 
 21 
 21 
 51 
 51 
 51 
 51 
 51 
 83 
 83 
 83 
 113 
 10 
 21 
 29 
 29 
 29 
 60 
 60 
 60 
 60 
 60 
 90 
 90 
 90 
 132 
 18 
 24 
 34 
 34 
 34 
 71 
 71 
 71 
 71 
 71 
 103 
 103 
 103 
 115 
 14 
 25 
 33 
 33 
 33 
 68 
 68 
 68 
 68 
 68 
 95 
 95 
 95 
 120 
 8 
 11 
 22 
 22 
 22 
 52 
 52 
 52 
 52 
 52 
 89 
 89 
 89 
 91 
 5 
 14 
 24 
 24 
 24 
 53 
 53 
 53 
 53 
 53 
 85 
 85 
 85 
 107 
 8 
 18 
 25 
 25 
 25 
 50 
 50 
 50 
 50 
 50 
 83 
 83 
 83 
 133 
 13 
 22 
 35 
 35 
 35 
 82 
 82 
 82 
 82 
 82 
 124 
 124 
 124 
 143 
 14 
 27 
 38 
 38 
 38 
 70 
 70 
 70 
 70 
 70 
 95 
 95 
 95 
 124 
 10 
 17 
 31 
 31 
 31 
 73 
 73 
 73 
 73 
 73 
 101 
 101 
 101 
 105 
 10 
 18 
 31 
 31 
 31 
 56 
 56 
 56 
 56 
 56 
 95 
 95 
 95 
 108 
 8 
 16 
 29 
 29 
 29 
 61 
 61 
 61 
 61 
 61 
 98 
 98 
 98 
 136 
 15 
 25 
 30 
 30 
 30 
 59 
 59 
 59 
 59 
 59 
 85 
 85 
 85 
 133 
 10 
 24 
 35 
 35 
 35 
 60 
 60 
 60 
 60 
 60 
 78 
 78 
 78 
 136 
 15 
 23 
 36 
 36 
 36 
 56 
 56 
 56 
 56 
 56 
 83 
 83 
 83 
 111 
 12 
 21 
 29 
 29 
 29 
 57 
 57 
 57 
 57 
 57 
 85 
 85 
 85 
 130 
 3 
 15 
 28 
 28 
 28 
 48 
 48 
 48 
 48 
 48 
 79 
 79 
 79 
 115 
 14 
 32 
 42 
 42 
 42 
 72 
 72 
 72 
 72 
 72 
 105 
 105 
 105 
 132 
 10 
 16 
 28 
 28 
 28 
 75 
 75 
 75 
 75 
 75 
 108 
 108 
 108 
 117 
 10 
 18 
 27 
 27 
 27 
 45 
 45 
 45 
 45 
 45 
 87 
 87 
 87 
 131 
 9 
 26 
 42 
 42 
 42 
 64 
 64 
 64 
 64 
 64 
 93 
 93 
 93 
 98 
 6 
 18 
 28 
 28 
 28 
 55 
 55 
 55 
 55 
 55 
 95 
 95 
 95 
 116 
 13 
 21 
 31 
 31 
 31 
 65 
 65 
 65 
 65 
 65 
 94 
 94 
 94 
 134 
 11 
 25 
 34 
 34 
 34 
 68 
 68 
 68 
 68 
 68 
 108 
 108 
 108 
 125 
 12 
 22 
 28 
 28 
 28 
 56 
 56 
 56 
 56 
 56 
 81 
 81 
 81 
 106 
 16 
 26 
 40 
 40 
 40 
 68 
 68 
 68 
 68 
 68 
 109 
 109 
 109 
 139 
 11 
 21 
 34 
 34 
 34 
 59 
 59 
 59 
 59 
 59 
 101 
 101 
 101 
 109 
 13 
 27 
 39 
 39 
 39 
 78 
 78 
 78 
 78 
 78 
 114 
 114 
 114 
 110 
 13 
 20 
 26 
 26 
 26 
 60 
 60 
 60 
 60 
 60 
 86 
 86 
 86 
 107 
 7 
 19 
 34 
 34 
 34 
 66 
 66 
 66 
 66 
 66 
 88 
 88 
 88 
 99 
 12 
 25 
 33 
 33 
 33 
 65 
 65 
 65 
 65 
 65 
 85 
 85 
 85 
 107 
 12 
 19 
 32 
 32 
 32 
 68 
 68 
 68 
 68 
 68 
 93 
 93 
 93 
 135 
 8 
 13 
 16 
 16 
 16 
 43 
 43 
 43 
 43 
 43 
 79 
 79 
 79 
 136 
 10 
 19 
 31 
 31 
 31 
 81 
 81 
 81 
 81 
 81 
 108 
 108 
 108 
 143 
 6 
 15 
 25 
 25 
 25 
 59 
 59 
 59 
 59 
 59 
 88 
 88 
 88 
 119 
 15 
 26 
 35 
 35 
 35 
 61 
 61 
 61 
 61 
 61 
 90 
 90 
 90 
 133 
 17 
 25 
 38 
 38 
 38 
 67 
 67 
 67 
 67 
 67 
 82 
 82 
 82 
 125 
 15 
 23 
 28 
 28 
 28 
 56 
 56 
 56 
 56 
 56 
 84 
 84 
 84 
 124 
 10 
 17 
 27 
 27 
 27 
 58 
 58 
 58 
 58 
 58 
 88 
 88 
 88 
 96 
 10 
 22 
 42 
 42 
 42 
 74 
 74 
 74 
 74 
 74 
 101 
 101 
 101 
 129 
 19 
 31 
 43 
 43 
 43 
 69 
 69 
 69 
 69 
 69 
 98 
 98 
 98 
 117 
 8 
 20 
 27 
 27 
 27 
 52 
 52 
 52 
 52 
 52 
 82 
 82 
 82 
 127 
 13 
 18 
 28 
 28 
 28 
 54 
 54 
 54 
 54 
 54 
 81 
 81 
 81 
 128 
 4 
 16 
 34 
 34 
 34 
 67 
 67 
 67 
 67 
 67 
 100 
 100 
 100 
 121 
 11 
 18 
 21 
 21 
 21 
 47 
 47 
 47 
 47 
 47 
 72 
 72 
 72 
 99 
 5 
 18 
 27 
 27 
 27 
 62 
 62 
 62 
 62 
 62 
 92 
 92 
 92 
 140 
 13 
 18 
 29 
 29 
 29 
 49 
 49 
 49 
 49 
 49 
 85 
 85 
 85 
 108 
 13 
 19 
 32 
 32 
 32 
 64 
 64 
 64 
 64 
 64 
 89 
 89 
 89 
 105 
 13 
 25 
 38 
 38 
 38 
 63 
 63 
 63 
 63 
 63 
 95 
 95 
 95 
 154 
 9 
 30 
 38 
 38 
 38 
 73 
 73 
 73 
 73 
 73 
 105 
 105 
 105 
 127 
62 LOS ANGELES
62 PHILADELPHIA
62 CHICAGO
62 NEW YORK
62 LOS ANGELES
62 PHILADELPHIA
62 DETROIT
62 BOSTON
62 NEW YORK
62 PHILADELPHIA
62 CHICAGO
62 SYRACUSE
62 CINCINNATI
62 ST.LOUIS
62 LOS ANGELES
62 CINCINNATI
62 ST.LOUIS
62 NEW YORK
62 LOS ANGELES
62 DETROIT
62 ST.LOUIS
62 SYRACUSE
62 CINCINNATI
62 NEW YORK
62 SYRACUSE
62 PHILADELPHIA
62 ST.LOUIS
62 CHICAGO
62 DETROIT
62 LOS ANGELES
62 NEW YORK
62 BOSTON
62 PHILADELPHIA
62 SYRACUSE
62 DETROIT
62 LOS ANGELES
62 CHICAGO
62 ST.LOUIS
62 SYRACUSE
62 CINCINNATI
62 NEW YORK
62 CINCINNATI
62 SYRACUSE
62 ST.LOUIS
62 NEW YORK
62 DETROIT
62 CINCINNATI
62 LOS ANGELES
62 BOSTON
62 PHILADELPHIA
62 ST.LOUIS
62 SYRACUSE
62 NEW YORK
62 CHICAGO
62 CINCINNATI
62 LOS ANGELES
62 SYRACUSE
62 BOSTON
62 DETROIT
62 PHILADELPHIA
62 LOS ANGELES
62 CHICAGO
62 NEW YORK
62 ST.LOUIS
 21 
 21 
 21 
 21 
 21 
 21 
 21 
 21 
 21 
 21 
 21 
 21 
 21 
 21 
 21 
 21 
 21 
 21 
 21 
 21 
 21 
 21 
 21 
 21 
 21 
 21 
 21 
 21 
 21 
 21 
 21 
 21 
