 12 
 22 
 35 
 50 
 59 
 71 
 71 
 71 
 79 
 83 
 98 
 107 
 116 
 126 
 7 
 19 
 25 
 29 
 41 
 52 
 52 
 52 
 58 
 62 
 72 
 76 
 82 
 89 
 10 
 18 
 30 
 33 
 39 
 45 
 45 
 45 
 55 
 57 
 65 
 73 
 85 
 93 
 8 
 18 
 28 
 32 
 36 
 49 
 49 
 49 
 57 
 66 
 78 
 84 
 93 
 110 
 5 
 10 
 16 
 26 
 37 
 43 
 43 
 43 
 51 
 59 
 67 
 71 
 79 
 91 
 6 
 18 
 24 
 36 
 42 
 48 
 48 
 48 
 56 
 72 
 82 
 94 
 102 
 108 
 10 
 21 
 35 
 43 
 47 
 60 
 60 
 60 
 70 
 80 
 88 
 94 
 106 
 113 
 6 
 12 
 20 
 28 
 34 
 42 
 42 
 42 
 46 
 58 
 69 
 75 
 83 
 91 
 2 
 12 
 20 
 26 
 32 
 44 
 44 
 44 
 49 
 54 
 63 
 71 
 83 
 90 
 6 
 16 
 23 
 29 
 41 
 48 
 48 
 48 
 50 
 58 
 66 
 75 
 85 
 89 
 8 
 13 
 26 
 32 
 43 
 49 
 49 
 49 
 56 
 66 
 74 
 80 
 87 
 94 
 9 
 15 
 26 
 32 
 40 
 50 
 50 
 50 
 62 
 68 
 72 
 83 
 85 
 89 
 12 
 22 
 32 
 34 
 38 
 44 
 44 
 44 
 58 
 70 
 82 
 88 
 90 
 100 
 3 
 7 
 13 
 21 
 28 
 35 
 35 
 35 
 43 
 51 
 58 
 68 
 74 
 78 
 4 
 10 
 19 
 25 
 38 
 48 
 48 
 48 
 56 
 66 
 74 
 85 
 97 
 103 
 8 
 12 
 21 
 27 
 27 
 37 
 37 
 37 
 46 
 54 
 67 
 73 
 88 
 107 
 9 
 15 
 26 
 32 
 40 
 48 
 48 
 48 
 54 
 60 
 72 
 76 
 86 
 96 
 12 
 20 
 34 
 38 
 44 
 55 
 55 
 55 
 63 
 71 
 79 
 89 
 99 
 107 
 12 
 24 
 34 
 46 
 50 
 60 
 60 
 60 
 69 
 73 
 83 
 87 
 100 
 110 
 4 
 10 
 14 
 20 
 30 
 34 
 34 
 34 
 39 
 53 
 57 
 68 
 72 
 80 
 8 
 20 
 35 
 41 
 45 
 53 
 53 
 53 
 59 
 65 
 69 
 80 
 86 
 97 
 8 
 14 
 22 
 28 
 39 
 51 
 51 
 51 
 61 
 69 
 77 
 81 
 89 
 92 
 8 
 18 
 23 
 31 
 43 
 53 
 53 
 53 
 66 
 76 
 87 
 91 
 97 
 106 
 4 
 10 
 18 
 24 
 28 
 36 
 36 
 36 
 45 
 58 
 64 
 70 
 70 
 74 
 12 
 19 
 27 
 34 
 46 
 52 
 52 
 52 
 57 
 69 
 71 
 77 
 83 
 89 
 6 
 14 
 20 
 28 
 37 
 45 
 45 
 45 
 55 
 67 
 79 
 87 
 93 
 101 
 4 
 13 
 19 
 31 
 41 
 57 
 57 
 57 
 67 
 77 
 85 
 93 
 103 
 114 
 6 
 10 
 25 
 36 
 46 
 52 
 52 
 52 
 60 
 65 
 68 
 74 
 82 
 92 
 10 
 18 
 23 
 31 
 38 
 42 
 42 
 42 
 49 
 58 
 72 
 74 
 78 
 84 
 8 
 17 
 27 
 35 
 40 
 49 
 49 
 49 
 57 
 61 
 71 
 71 
 73 
 83 
 13 
 23 
 31 
 41 
 49 
 59 
 59 
 59 
 69 
 78 
 84 
 90 
 106 
 119 
 6 
 17 
 26 
 30 
 37 
 44 
 44 
 44 
 56 
 68 
 76 
 85 
 91 
 98 
 11 
 21 
 36 
 40 
 49 
 63 
 63 
 63 
 73 
 81 
 91 
 99 
 113 
 127 
 10 
 18 
 28 
 32 
 44 
 51 
 51 
 51 
 59 
 65 
 73 
 79 
 83 
 91 
 10 
 13 
 19 
 27 
 31 
 41 
 41 
 41 
 50 
 54 
 63 
 71 
 77 
 89 
 6 
 14 
 23 
 27 
 31 
 35 
 35 
 35 
 45 
 53 
 57 
 66 
 68 
 78 
 3 
 11 
 21 
 30 
 38 
 44 
 44 
 44 
 53 
 59 
 70 
 83 
 92 
 103 
 6 
 13 
 23 
 29 
 39 
 46 
 46 
 46 
 52 
 58 
 64 
 74 
 84 
 90 
 6 
 17 
 24 
 27 
 33 
 43 
 43 
 43 
 50 
 62 
 69 
 78 
 87 
 109 
 8 
 24 
 32 
 34 
 41 
 50 
 50 
 50 
 52 
 60 
 64 
 77 
 86 
 107 
 9 
 20 
 26 
 30 
 40 
 42 
 42 
 42 
 48 
 52 
 60 
 62 
 68 
 76 
 10 
 16 
 28 
 34 
 42 
 57 
 57 
 57 
 61 
 70 
 80 
 86 
 95 
 103 
 10 
 14 
 21 
 25 
 37 
 41 
 41 
 41 
 50 
 56 
 67 
 77 
 83 
 90 
 9 
 15 
 19 
 23 
 29 
 33 
 33 
 33 
 41 
 45 
 57 
 63 
 69 
 79 
 10 
 20 
 36 
 45 
 57 
 67 
 67 
 67 
 75 
 90 
 98 
 109 
 115 
 119 
 8 
 14 
 25 
 35 
 43 
 51 
 51 
 51 
 58 
 67 
 75 
 79 
 81 
 89 
 10 
 14 
 27 
 33 
 41 
 50 
 50 
 50 
 59 
 69 
 77 
 86 
 98 
 105 
 4 
 12 
 21 
 29 
 41 
 45 
 45 
 45 
 52 
 61 
 71 
 77 
 85 
 95 
 2 
 10 
 18 
 26 
 41 
 53 
 53 
 53 
 62 
 72 
 77 
 81 
 87 
 97 
 6 
 14 
 23 
 28 
 39 
 45 
 45 
 45 
 53 
 59 
 63 
 65 
 73 
 84 
 6 
 14 
 24 
 32 
 38 
 46 
 46 
 46 
 48 
 54 
 66 
 77 
 89 
 99 
 12 
 21 
 27 
 29 
 37 
 45 
 45 
 45 
 55 
 59 
 63 
 71 
 77 
 81 
 6 
 14 
 20 
 22 
 28 
 40 
 40 
 40 
 46 
 57 
 69 
 75 
 79 
 90 
 8 
 14 
 14 
 21 
 28 
 34 
 34 
 34 
 48 
 50 
 58 
 62 
 70 
 76 
 7 
 15 
 24 
 32 
 39 
 49 
 49 
 49 
 53 
 59 
 65 
 69 
 73 
 81 
 13 
 19 
 23 
 33 
 39 
 49 
 49 
 49 
 64 
 70 
 78 
 88 
 90 
 100 
 9 
 16 
 22 
 29 
 39 
 47 
 47 
 47 
 58 
 60 
 71 
 83 
 97 
 105 
 7 
 15 
 27 
 36 
 46 
 57 
 57 
 57 
 70 
 77 
 86 
 92 
 100 
 100 
 13 
 23 
 34 
 44 
 50 
 60 
 60 
 60 
 66 
 70 
 78 
 88 
 97 
 114 
 13 
 19 
 25 
 39 
 41 
 46 
 46 
 46 
 61 
 69 
 75 
 89 
 93 
 121 
 6 
 17 
 25 
 35 
 44 
 55 
 55 
 55 
 65 
 74 
 82 
 90 
 103 
 114 
 11 
 19 
 27 
 40 
 48 
 55 
 55 
 55 
 66 
 68 
 74 
 83 
 93 
 99 
 8 
 19 
 30 
 37 
 45 
 55 
 55 
 55 
 68 
 80 
 88 
 101 
 116 
 124 
 8 
 17 
 30 
 36 
 48 
 57 
 57 
 57 
 67 
 79 
 83 
 90 
 94 
 105 
16 CLEVELAND
16 CHICAGO
16 DETROIT
16 ATLANTA
16 NEW ORLEANS
16 GOLDEN STATE
16 WASHINGTON
16 ORLANDO
16 PHILADELPHIA
16 BOSTON
16 CHICAGO
16 BROOKLYN
16 UTAH
16 DETROIT
16 INDIANA
16 TORONTO
16 CHARLOTTE
16 MIAMI
16 NEW YORK
16 MILWAUKEE
16 SAN ANTONIO
16 OKLAHOMA CTY
16 CLEVELAND
16 MEMPHIS
16 DENVER
16 HOUSTON
16 DALLAS
16 PHOENIX
16 NEW ORLEANS
16 PORTLAND
16 LA CLIPPERS
16 SACRAMENTO
16 MINNESOTA
16 LA LAKERS
16 MEMPHIS
16 INDIANA
16 ATLANTA
16 NEW YORK
16 DALLAS
16 LA CLIPPERS
16 MIAMI
16 CLEVELAND
16 UTAH
16 PHILADELPHIA
16 OKLAHOMA CTY
16 ORLANDO
16 TORONTO
16 BOSTON
16 CHICAGO
16 DETROIT
16 CHARLOTTE
16 ATLANTA
16 WASHINGTON
16 MILWAUKEE
16 BROOKLYN
16 SAN ANTONIO
16 MINNESOTA
16 DENVER
16 GOLDEN STATE
16 HOUSTON
16 LA LAKERS
16 SACRAMENTO
16 PORTLAND
16 PHOENIX
 22 
 22 
 27 
 20 
 21 
 21 
 21 
 21 
 21 
 22 
 22 
 22 
 22 
 26 
 26 
 26 
 27 
 20 
 22 
 27 
 20 
 20 
 20 
 21 
 21 
 22 
 22 
 23 
 24 
 25 
 26 
 27 
